31
0 0 0 7
2 5 2 6
3 0 3 1
3 3 3 4
4 1 4 3
4 4 4 5
5 3 5 4
6 0 6 1
6 2 6 3
6 4 6 5
7 1 7 2
7 3 7 4
8 2 8 3
8 4 8 5
0 0 9 0
1 1 3 1
5 1 6 1
8 1 9 1
1 2 8 2
0 3 2 3
3 3 4 3
0 4 3 4
4 4 5 4
6 4 8 4
1 5 2 5
3 5 6 5
8 5 9 5
0 6 1 6
2 6 8 6
9 0 9 7
0 7 9 7
691 531 2 6 0 18.000000 40.000000 -1
0 605 105 315.622257 4.000000 10
0 607 138 308.453607 4.000000 18
449 127 0 7 1 18.000000 40.000000 -1
0 690 265 42.862634 4.000000 12
2
0 216 116 10.000000 508 0 0 1 0 -1
1 279 75 10.000000 551 0 0 1 0 -1
2 591 439 10.000000 399 0 -1 0 -1 -2
